1111111112111111
1111211123211111
1112321112322211
1123321111234321
1233211111233342
2332111222233332
2332112333333221
2321123333333211
2332123333223211
2332233333223211
2333333332243211
1233333321122111
1123333321111111
1112223322211111
1111123333211111
1111122222211111
1112211111122211
1123321122334321
1233211233233342
2332111122233332
2332112233333221
2321123333333211
2331123333223211
2332233333223211
2333333332243211
1233333321122111
1123333321111111
1112223321111111
1111123211111111
1111123211111111
1111123211111111
1111112111111111